70368744177664
64
6554108
32
4248101
2048
281474976710656
9859223
792339
8657244
9327807
2251799813685248
2305843009213693952
1509649
1857173
7536205
1
5094290
8388608
524288
4
2072194
9371833
1571178
256
6955793
340545
17179869184
9106186
9352759
288230376151711744
6629087
268435456
113397
3085223
8518049
2048136
1099511627776
1292866
2
128
6125463
3539848
4983630
2130357
4041077
4377954
549755813888
4096
7412953
1152921504606846976
9997472
2701926
35184372088832
5944095
9554425
8434509
3557925
36028797018963968
2690976
1073741824
2386262
137438953472
2147483648
65536
4194304
3314765
9547864
131072
2199023255552
1048576
6886064
2097152
9856724
2795359
1125899906842624
7167767
8796093022208
34359738368
1178266
5621667
67108864
2992679
274877906944
4294967296
2287628
2941439
3125248
9975878
6174660
140737488355328
8
8589934592
8466308
33554432
4990938
9007199254740992
576460752303423488
3423200
5968101
9140778
2338735
5342818
6326948
467500
882054
536870912
3635655
7766857
9223372036854775808
7391804
4611686018427387904
154616
2844863
8655349
9479667
20007
16384
423180
8965470
3095826
562949953421312
2979433
9306936
6577441
72057594037927936
9860916
16
2754784
7806792
5563240
144115188075855872
1929499
1167478
17592186044416
9000491
512
7957591
3947342
0
8192
7934454
16777216
5116154
4398046511104
8160613
262144
5154381
583696
5425827
4503599627370496
6808707
1589753
3431749
805871
8915968
134217728
8529900
8248859
8409427
32768
18014398509481984
68719476736
1024
3595382
